{
	 "rootnode": {
		 "name": "<MD5_Hierarchy>"
		,"transformation": [
			 1
			,0
			,0
			,0
			,0
			,0
			,1
			,0
			,0
			,-1
			,0
			,0
			,0
			,0
			,0
			,1
		]
		,"children": [
			{
				 "name": "origin"
				,"transformation": [
					 -7.15256e-007
					,0.00034224
					,1
					,0
					,0.00034224
					,-1
					,0.00034224
					,0.001643
					,1
					,0.00034224
					,-7.15256e-007
					,-0.000604
					,0
					,0
					,0
					,1
				]
				,"meshes": [
					 0
				]
				,"children": [
					{
						 "name": "sheath"
						,"transformation": [
							 -0.488321
							,-0.86727
							,0.0968754
							,3.12289
							,0.855298
							,-0.453609
							,0.250409
							,0.625194
							,-0.173229
							,0.205137
							,0.963281
							,0.923663
							,0
							,0
							,0
							,1
						]
						,"children": [
							{
								 "name": "sword"
								,"transformation": [
									 0.999993
									,-0.00335796
									,-0.00163396
									,0.000386
									,0.00335402
									,0.999991
									,-0.00240874
									,-1.10268
									,0.00164203
									,0.00240325
									,0.999996
									,0.01009
									,0
									,0
									,0
									,1
								]
							}
						]
					}
					,{
						 "name": "pubis"
						,"transformation": [
							 -0.127221
							,0.991874
							,0
							,2.60029
							,-0.991874
							,-0.127221
							,0
							,-0.20302
							,0
							,0
							,1
							,0.001408
							,0
							,0
							,0
							,1
						]
						,"children": [
							{
								 "name": "pelvis"
								,"transformation": [
									 0.958927
									,-0.269487
									,-0.0885198
									,0
									,0.27098
									,0.962572
									,0.00507108
									,0.413058
									,0.0838401
									,-0.0288499
									,0.996062
									,0
									,0
									,0
									,0
									,1
								]
								,"children": [
									{
										 "name": "spine"
										,"transformation": [
											 0.994139
											,0.0612194
											,-0.0891039
											,0
											,-0.0615521
											,0.998103
											,-0.000989148
											,0.797754
											,0.0888744
											,0.00646789
											,0.996022
											,0
											,0
											,0
											,0
											,1
										]
										,"children": [
											{
												 "name": "neck"
												,"transformation": [
													 0.73714
													,-0.653055
													,0.173621
													,0
													,0.663008
													,0.748612
													,0.000890661
													,1.34876
													,-0.130557
													,0.114456
													,0.984812
													,0
													,0
													,0
													,0
													,1
												]
												,"children": [
													{
														 "name": "head"
														,"transformation": [
															 0.674364
															,-0.738399
															,-1.32415e-005
															,0
															,0.738399
															,0.674364
															,-1.45829e-005
															,0.494397
															,1.96976e-005
															,5.66861e-008
															,1
															,0
															,0
															,0
															,0
															,1
														]
													}
												]
											}
											,{
												 "name": "upperarm.L"
												,"transformation": [
													 0.993972
													,-0.107248
													,0.0227497
													,-0.162697
													,-0.106249
													,-0.891137
													,0.441118
													,1.10807
													,-0.027036
													,-0.440876
													,-0.897161
													,-0.758119
													,0
													,0
													,0
													,1
												]
												,"children": [
													{
														 "name": "forearm.L"
														,"transformation": [
															 0.983359
															,-0.181524
															,0.00733268
															,0
															,0.144536
															,0.806167
															,0.573764
															,1.29109
															,-0.110063
															,-0.563156
															,0.818988
															,0
															,0
															,0
															,0
															,1
														]
														,"children": [
															{
																 "name": "wrist.L"
																,"transformation": [
																	 0.999966
																	,-0.00817123
																	,0.000954561
																	,-0.003125
																	,0.00822672
																	,0.992691
																	,-0.120401
																	,1.11936
																	,3.6244e-005
																	,0.120405
																	,0.992725
																	,0.001038
																	,0
																	,0
																	,0
																	,1
																]
																,"children": [
																	{
																		 "name": "thumb.L"
																		,"transformation": [
																			 0.767313
																			,-0.641264
																			,-0.00335233
																			,0.00546
																			,0.597208
																			,0.712674
																			,0.368018
																			,0.001846
																			,-0.233608
																			,-0.284387
																			,0.929812
																			,-0.001514
																			,0
																			,0
																			,0
																			,1
																		]
																		,"children": [
																			{
																				 "name": "thm_end.L"
																				,"transformation": [
																					 0.741343
																					,0.666969
																					,-0.0745843
																					,0
																					,-0.658186
																					,0.744264
																					,0.113416
																					,0.396852
																					,0.131156
																					,-0.0349902
																					,0.990744
																					,0
																					,0
																					,0
																					,0
																					,1
																				]
																			}
																		]
																	}
																	,{
																		 "name": "fingers.L"
																		,"transformation": [
																			 0.995872
																			,0.0602764
																			,-0.0678694
																			,0
																			,-0.00418559
																			,0.777391
																			,0.629004
																			,0.534865
																			,0.0906751
																			,-0.626123
																			,0.774434
																			,0
																			,0
																			,0
																			,0
																			,1
																		]
																		,"children": [
																			{
																				 "name": "fingerstip.L"
																				,"transformation": [
																					 0.960686
																					,-0.0528977
																					,-0.272552
																					,0
																					,0.269182
																					,0.417896
																					,0.8677
																					,0.243855
																					,0.067999
																					,-0.906954
																					,0.415706
																					,0
																					,0
																					,0
																					,0
																					,1
																				]
																			}
																			,{
																				 "name": "lamp"
																				,"transformation": [
																					 -0.835086
																					,0.218411
																					,0.504905
																					,-0.065527
																					,0.478991
																					,0.740068
																					,0.472088
																					,0.126512
																					,-0.270554
																					,0.636079
																					,-0.722637
																					,-0.062514
																					,0
																					,0
																					,0
																					,1
																				]
																			}
																		]
																	}
																]
															}
														]
													}
												]
											}
											,{
												 "name": "upperarm.R"
												,"transformation": [
													 0.843198
													,0.476833
													,0.248287
													,0.097581
													,0.534861
													,-0.790658
													,-0.297965
													,1.08646
													,0.0542308
													,0.384043
													,-0.921721
													,0.79058
													,0
													,0
													,0
													,1
												]
												,"children": [
													{
														 "name": "forearm.R"
														,"transformation": [
															 0.18961
															,-0.981672
															,-0.0192005
															,0
															,0.866535
															,0.176503
															,-0.466865
															,1.33793
															,0.461697
															,0.0718846
															,0.88412
															,0
															,0
															,0
															,0
															,1
														]
														,"children": [
															{
																 "name": "wrist.R"
																,"transformation": [
																	 0.858019
																	,-0.469457
																	,0.208359
																	,0.002822
																	,0.465232
																	,0.882255
																	,0.0720075
																	,1.09914
																	,-0.21763
																	,0.0351516
																	,0.975398
																	,0.002089
																	,0
																	,0
																	,0
																	,1
																]
																,"children": [
																	{
																		 "name": "thumb.R"
																		,"transformation": [
																			 0.749231
																			,-0.662306
																			,0.00191249
																			,0
																			,0.496307
																			,0.559529
																			,-0.663782
																			,-0.012517
																			,0.438556
																			,0.498275
																			,0.747924
																			,-0.006654
																			,0
																			,0
																			,0
																			,1
																		]
																		,"children": [
																			{
																				 "name": "thm_end.R"
																				,"transformation": [
																					 0.855713
																					,0.494677
																					,0.151824
																					,0
																					,-0.509389
																					,0.753714
																					,0.415257
																					,0.42241
																					,0.0909857
																					,-0.432678
																					,0.896946
																					,0
																					,0
																					,0
																					,0
																					,1
																				]
																			}
																		]
																	}
																	,{
																		 "name": "fingers.R"
																		,"transformation": [
																			 0.997199
																			,-0.0657011
																			,0.0357504
																			,0
																			,0.0725281
																			,0.732489
																			,-0.676904
																			,0.516058
																			,0.0182865
																			,0.677601
																			,0.735203
																			,0
																			,0
																			,0
																			,0
																			,1
																		]
																		,"children": [
																			{
																				 "name": "fingerstip.R"
																				,"transformation": [
																					 0.922294
																					,0.0442384
																					,-0.383948
																					,0
																					,-0.385022
																					,0.191626
																					,-0.902794
																					,0.249387
																					,0.0336362
																					,0.980471
																					,0.193768
																					,0
																					,0
																					,0
																					,0
																					,1
																				]
																			}
																		]
																	}
																]
															}
														]
													}
												]
											}
										]
									}
								]
							}
							,{
								 "name": "thigh.R"
								,"transformation": [
									 -0.989698
									,0.132737
									,0.0536548
									,-0.32657
									,-0.134062
									,-0.990731
									,-0.0218885
									,0.370908
									,0.0502521
									,-0.0288561
									,0.99832
									,0.524121
									,0
									,0
									,0
									,1
								]
								,"children": [
									{
										 "name": "shin.R"
										,"transformation": [
											 0.982736
											,-0.0728046
											,0.170084
											,0
											,0.0796969
											,0.996238
											,-0.0340437
											,1.30743
											,-0.166965
											,0.0470112
											,0.984841
											,0
											,0
											,0
											,0
											,1
										]
										,"children": [
											{
												 "name": "ankle.R"
												,"transformation": [
													 0.490715
													,0.871129
													,-0.0182359
													,-0.003538
													,-0.871138
													,0.490933
													,0.010184
													,1.41489
													,0.0178242
													,0.0108885
													,0.999782
													,0
													,0
													,0
													,0
													,1
												]
												,"children": [
													{
														 "name": "toe.R"
														,"transformation": [
															 0.871498
															,0.490394
															,0.00227612
															,0
															,-0.490393
															,0.871501
															,-0.000900343
															,0.409731
															,-0.00242516
															,-0.000331546
															,0.999997
															,0
															,0
															,0
															,0
															,1
														]
														,"children": [
															{
																 "name": "tiptoe.R"
																,"transformation": [
																	 0.990256
																	,0.139118
																	,0.00632012
																	,0
																	,-0.139167
																	,0.990235
																	,0.0082131
																	,0.34253
																	,-0.00511581
																	,-0.00901262
																	,0.999946
																	,0
																	,0
																	,0
																	,0
																	,1
																]
															}
														]
													}
												]
											}
										]
									}
								]
							}
							,{
								 "name": "thigh.L"
								,"transformation": [
									 -0.990197
									,0.13274
									,0.043481
									,-0.326197
									,-0.130863
									,-0.990445
									,0.0435084
									,0.369517
									,0.0488408
									,0.0373918
									,0.998106
									,-0.522328
									,0
									,0
									,0
									,1
								]
								,"children": [
									{
										 "name": "shin.L"
										,"transformation": [
											 0.996866
											,-0.0779625
											,-0.013433
											,0
											,0.0785573
											,0.99557
											,0.0516667
											,1.30744
											,0.00934539
											,-0.05256
											,0.998574
											,0
											,0
											,0
											,0
											,1
										]
										,"children": [
											{
												 "name": "ankle.L"
												,"transformation": [
													 0.491535
													,0.870745
													,0.0140279
													,-0.003538
													,-0.870747
													,0.491666
													,-0.00798326
													,1.41489
													,-0.0138484
													,-0.0082907
													,0.99987
													,0.001253
													,0
													,0
													,0
													,1
												]
												,"children": [
													{
														 "name": "toe.L"
														,"transformation": [
															 0.868895
															,0.494996
															,1.93334e-006
															,0
															,-0.494996
															,0.868895
															,-5.12064e-007
															,0.409729
															,-1.93334e-006
															,-5.12064e-007
															,1
															,0
															,0
															,0
															,0
															,1
														]
														,"children": [
															{
																 "name": "tiptoe.L"
																,"transformation": [
																	 0.99027
																	,0.139066
																	,-0.00513849
																	,0
																	,-0.139111
																	,0.990229
																	,-0.00969721
																	,0.342531
																	,0.00373972
																	,0.0103177
																	,0.99994
																	,0
																	,0
																	,0
																	,0
																	,1
																]
															}
														]
													}
												]
											}
										]
									}
								]
							}
						]
					}
				]
			}
		]
	}
	,"flags": 9
	,"meshes": [
		{
			 "name": ""
			,"materialindex": 0
			,"primitivetypes": 4
			,"vertices": [
				 0.185784
				,0.276323
				,-0.000698117
				,0.923875
				,-0.622167
				,3.1225
				,0.258677
				,-0.173355
				,-0.11208
				,0.258677
				,-0.173355
				,-0.11208
				,0.923875
				,-0.622167
				,3.1225
				,-0.185784
				,-0.273037
				,-0.000509882
				,-0.185784
				,-0.273037
				,-0.000509882
				,0.923875
				,-0.622167
				,3.1225
				,-0.258677
				,0.176641
				,0.110872
				,-0.258677
				,0.176641
				,0.110872
				,0.923875
				,-0.622167
				,3.1225
				,0.185784
				,0.276323
				,-0.000698117
				,-0.26082
				,0.00155379
				,-0.000462585
				,0.00133666
				,0.205554
				,2.59961
				,-9.99707e-005
				,0.261665
				,-0.020995
				,-9.99707e-005
				,0.261665
				,-0.020995
				,0.00133666
				,0.205554
				,2.59961
				,0.26082
				,0.00173221
				,-0.000745415
				,0.26082
				,0.00173221
				,-0.000745415
				,0.00133666
				,0.205554
				,2.59961
				,9.99707e-005
				,-0.258379
				,0.019787
				,9.99707e-005
				,-0.258379
				,0.019787
				,0.00133666
				,0.205554
				,2.59961
				,-0.26082
				,0.00155379
				,-0.000462585
				,3.17441
				,0.529544
				,0.942719
				,2.16034
				,0.132419
				,1.14795
				,3.11072
				,0.596684
				,0.817194
				,3.11072
				,0.596684
				,0.817194
				,2.16034
				,0.132419
				,1.14795
				,3.0684
				,0.71905
				,0.904117
				,3.0684
				,0.71905
				,0.904117
				,2.16034
				,0.132419
				,1.14795
				,3.13209
				,0.651911
				,1.02964
				,3.13209
				,0.651911
				,1.02964
				,2.16034
				,0.132419
				,1.14795
				,3.17441
				,0.529544
				,0.942719
				,3.09947
				,-0.51942
				,0.748763
				,3.29005
				,-0.379357
				,0.899965
				,3.21566
				,-0.639638
				,0.974252
				,3.29005
				,-0.379357
				,0.899965
				,3.13686
				,-0.420868
				,1.1315
				,3.21566
				,-0.639638
				,0.974252
				,3.13686
				,-0.420868
				,1.1315
				,2.94628
				,-0.560931
				,0.980295
				,3.21566
				,-0.639638
				,0.974252
				,2.94628
				,-0.560931
				,0.980295
				,3.09947
				,-0.51942
				,0.748763
				,3.21566
				,-0.639638
				,0.974252
				,3.09947
				,-0.51942
				,0.748763
				,3.02067
				,-0.30065
				,0.906008
				,3.29005
				,-0.379357
				,0.899965
				,3.29005
				,-0.379357
				,0.899965
				,3.02067
				,-0.30065
				,0.906008
				,3.13686
				,-0.420868
				,1.1315
				,3.13686
				,-0.420868
				,1.1315
				,3.02067
				,-0.30065
				,0.906008
				,2.94628
				,-0.560931
				,0.980295
				,2.94628
				,-0.560931
				,0.980295
				,3.02067
				,-0.30065
				,0.906008
				,3.09947
				,-0.51942
				,0.748763
				,2.59667
				,-0.244201
				,0.000803971
				,2.19219
				,-0.150819
				,0.000945365
				,2.6019
				,-0.203227
				,-0.0405018
				,2.6019
				,-0.203227
				,-0.0405018
				,2.19219
				,-0.150819
				,0.000945365
				,2.60716
				,-0.162257
				,0.00080403
				,2.60716
				,-0.162257
				,0.00080403
				,2.19219
				,-0.150819
				,0.000945365
				,2.60193
				,-0.203231
				,0.0421098
				,2.60193
				,-0.203231
				,0.0421098
				,2.19219
				,-0.150819
				,0.000945365
				,2.59667
				,-0.244201
				,0.000803971
				,2.65496
				,-0.251966
				,0.000783846
				,2.16739
				,-0.676039
				,-0.32564
				,2.62399
				,-0.179178
				,-0.0634112
				,2.62399
				,-0.179178
				,-0.0634112
				,2.16739
				,-0.676039
				,-0.32564
				,2.54887
				,-0.154492
				,0.000824154
				,2.54887
				,-0.154492
				,0.000824154
				,2.16739
				,-0.676039
				,-0.32564
				,2.57984
				,-0.22728
				,0.0650192
				,2.57984
				,-0.22728
				,0.0650192
				,2.16739
				,-0.676039
				,-0.32564
				,2.65496
				,-0.251966
				,0.000783846
				,2.5385
				,-0.236932
				,0.000824036
				,2.30155
				,0.361777
				,-0.325266
				,2.6172
				,-0.232031
				,-0.0631845
				,2.6172
				,-0.232031
				,-0.0631845
				,2.30155
				,0.361777
				,-0.325266
				,2.66533
				,-0.169526
				,0.000783965
				,2.66533
				,-0.169526
				,0.000783965
				,2.30155
				,0.361777
				,-0.325266
				,2.58663
				,-0.174427
				,0.0647925
				,2.58663
				,-0.174427
				,0.0647925
				,2.30155
				,0.361777
				,-0.325266
				,2.5385
				,-0.236932
				,0.000824036
				,2.56136
				,0.843594
				,0.226243
				,1.76363
				,0.805511
				,0.155817
				,2.55678
				,0.922097
				,0.145345
				,2.55678
				,0.922097
				,0.145345
				,1.76363
				,0.805511
				,0.155817
				,2.53812
				,1.00142
				,0.223374
				,2.53812
				,1.00142
				,0.223374
				,1.76363
				,0.805511
				,0.155817
				,2.54271
				,0.922914
				,0.304272
				,2.54271
				,0.922914
				,0.304272
				,1.76363
				,0.805511
				,0.155817
				,2.56136
				,0.843594
				,0.226243
				,2.58239
				,1.42697
				,0.459786
				,1.24825
				,1.44584
				,0.220909
				,2.595
				,1.56006
				,0.323726
				,2.595
				,1.56006
				,0.323726
				,1.24825
				,1.44584
				,0.220909
				,2.5601
				,1.69572
				,0.45319
				,2.5601
				,1.69572
				,0.45319
				,1.24825
				,1.44584
				,0.220909
				,2.54749
				,1.56263
				,0.58925
				,2.54749
				,1.56263
				,0.58925
				,1.24825
				,1.44584
				,0.220909
				,2.58239
				,1.42697
				,0.459786
				,2.50556
				,1.4436
				,0.445879
				,1.45035
				,2.2202
				,0.0842634
				,2.60882
				,1.55206
				,0.326903
				,2.60882
				,1.55206
				,0.326903
				,1.45035
				,2.2202
				,0.0842634
				,2.63693
				,1.67909
				,0.467097
				,2.63693
				,1.67909
				,0.467097
				,1.45035
				,2.2202
				,0.0842634
				,2.53367
				,1.57063
				,0.586073
				,2.53367
				,1.57063
				,0.586073
				,1.45035
				,2.2202
				,0.0842634
				,2.50556
				,1.4436
				,0.445879
				,2.658
				,1.45961
				,0.472997
				,1.55368
				,0.681596
				,0.382106
				,2.58764
				,1.55367
				,0.322991
				,2.58764
				,1.55367
				,0.322991
				,1.55368
				,0.681596
				,0.382106
				,2.48449
				,1.66308
				,0.439979
				,2.48449
				,1.66308
				,0.439979
				,1.55368
				,0.681596
				,0.382106
				,2.55485
				,1.56903
				,0.589985
				,2.55485
				,1.56903
				,0.589985
				,1.55368
				,0.681596
				,0.382106
				,2.658
				,1.45961
				,0.472997
				,0.990366
				,4.1886
				,0.287587
				,0.610157
				,3.86946
				,0.265993
				,0.953256
				,4.22814
				,0.243451
				,0.953256
				,4.22814
				,0.243451
				,0.610157
				,3.86946
				,0.265993
				,0.91959
				,4.25693
				,0.297547
				,0.91959
				,4.25693
				,0.297547
				,0.610157
				,3.86946
				,0.265993
				,0.956701
				,4.21739
				,0.341683
				,0.956701
				,4.21739
				,0.341683
				,0.610157
				,3.86946
				,0.265993
				,0.990366
				,4.1886
				,0.287587
				,-2.48332
				,4.05146
				,0.204177
				,-2.46898
				,3.95851
				,0.287802
				,-2.56245
				,4.04166
				,0.30155
				,-2.46898
				,3.95851
				,0.287802
				,-2.46485
				,4.04299
				,0.380996
				,-2.56245
				,4.04166
				,0.30155
				,-2.46485
				,4.04299
				,0.380996
				,-2.47918
				,4.13594
				,0.297371
				,-2.56245
				,4.04166
				,0.30155
				,-2.47918
				,4.13594
				,0.297371
				,-2.48332
				,4.05146
				,0.204177
				,-2.56245
				,4.04166
				,0.30155
				,-2.48332
				,4.05146
				,0.204177
				,-2.38572
				,4.05279
				,0.283623
				,-2.46898
				,3.95851
				,0.287802
				,-2.46898
				,3.95851
				,0.287802
				,-2.38572
				,4.05279
				,0.283623
				,-2.46485
				,4.04299
				,0.380996
				,-2.46485
				,4.04299
				,0.380996
				,-2.38572
				,4.05279
				,0.283623
				,-2.47918
				,4.13594
				,0.297371
				,-2.47918
				,4.13594
				,0.297371
				,-2.38572
				,4.05279
				,0.283623
				,-2.48332
				,4.05146
				,0.204177
				,2.26045
				,-0.240243
				,-1.87195
				,0.983917
				,-0.221517
				,-1.64024
				,2.25582
				,-0.412503
				,-1.81159
				,2.25582
				,-0.412503
				,-1.81159
				,0.983917
				,-0.221517
				,-1.64024
				,2.21151
				,-0.470012
				,-1.97913
				,2.21151
				,-0.470012
				,-1.97913
				,0.983917
				,-0.221517
				,-1.64024
				,2.21614
				,-0.297752
				,-2.03948
				,2.21614
				,-0.297752
				,-2.03948
				,0.983917
				,-0.221517
				,-1.64024
				,2.26045
				,-0.240243
				,-1.87195
				,2.25234
				,0.333186
				,-1.6435
				,1.16321
				,0.303133
				,-1.36348
				,2.27609
				,0.242215
				,-1.51614
				,2.27609
				,0.242215
				,-1.51614
				,1.16321
				,0.303133
				,-1.36348
				,2.24589
				,0.113157
				,-1.6027
				,2.24589
				,0.113157
				,-1.6027
				,1.16321
				,0.303133
				,-1.36348
				,2.22214
				,0.204128
				,-1.73005
				,2.22214
				,0.204128
				,-1.73005
				,1.16321
				,0.303133
				,-1.36348
				,2.25234
				,0.333186
				,-1.6435
				,2.24218
				,1.5553
				,-1.58324
				,2.23942
				,1.55307
				,-1.58806
				,2.24218
				,1.55451
				,-1.58295
				,2.2429
				,1.55435
				,-1.58336
				,2.2429
				,1.55514
				,-1.58365
				,2.2436
				,1.6082
				,-1.58664
				,1.72312
				,1.57297
				,-1.45698
				,2.25526
				,1.55782
				,-1.53143
				,2.25526
				,1.55782
				,-1.53143
				,1.72312
				,1.57297
				,-1.45698
				,2.24149
				,1.50145
				,-1.57996
				,2.24149
				,1.50145
				,-1.57996
				,1.72312
				,1.57297
				,-1.45698
				,2.22982
				,1.55183
				,-1.63517
				,2.22982
				,1.55183
				,-1.63517
				,1.72312
				,1.57297
				,-1.45698
				,2.2436
				,1.6082
				,-1.58664
				,0.709661
				,1.89429
				,-2.45348
				,0.429783
				,1.68044
				,-2.26639
				,0.740135
				,1.88789
				,-2.40679
				,0.740135
				,1.88789
				,-2.40679
				,0.429783
				,1.68044
				,-2.26639
				,0.759233
				,1.83873
				,-2.42599
				,0.759233
				,1.83873
				,-2.42599
				,0.429783
				,1.68044
				,-2.26639
				,0.728758
				,1.84513
				,-2.47268
				,0.728758
				,1.84513
				,-2.47268
				,0.429783
				,1.68044
				,-2.26639
				,0.709661
				,1.89429
				,-2.45348
				,2.00018
				,1.05455
				,-2.32738
				,1.90603
				,1.04063
				,-2.36124
				,1.96923
				,0.962147
				,-2.35402
				,1.90603
				,1.04063
				,-2.36124
				,1.94251
				,0.997291
				,-2.44489
				,1.96923
				,0.962147
				,-2.35402
				,1.94251
				,0.997291
				,-2.44489
				,2.03667
				,1.01121
				,-2.41103
				,1.96923
				,0.962147
				,-2.35402
				,2.03667
				,1.01121
				,-2.41103
				,2.00018
				,1.05455
				,-2.32738
				,1.96923
				,0.962147
				,-2.35402
				,2.00018
				,1.05455
				,-2.32738
				,1.97347
				,1.08969
				,-2.41825
				,1.90603
				,1.04063
				,-2.36124
				,1.90603
				,1.04063
				,-2.36124
				,1.97347
				,1.08969
				,-2.41825
				,1.94251
				,0.997291
				,-2.44489
				,1.94251
				,0.997291
				,-2.44489
				,1.97347
				,1.08969
				,-2.41825
				,2.03667
				,1.01121
				,-2.41103
				,2.03667
				,1.01121
				,-2.41103
				,1.97347
				,1.08969
				,-2.41825
				,2.00018
				,1.05455
				,-2.32738
				,2.43651
				,0.756242
				,-2.0127
				,2.19522
				,0.781931
				,-1.97838
				,2.43871
				,0.754194
				,-1.97835
				,2.43871
				,0.754194
				,-1.97835
				,2.19522
				,0.781931
				,-1.97838
				,2.43241
				,0.720326
				,-1.97996
				,2.43241
				,0.720326
				,-1.97996
				,2.19522
				,0.781931
				,-1.97838
				,2.43021
				,0.722374
				,-2.01432
				,2.43021
				,0.722374
				,-2.01432
				,2.19522
				,0.781931
				,-1.97838
				,2.43651
				,0.756242
				,-2.0127
				,2.42887
				,0.74979
				,-2.00519
				,2.31652
				,0.757643
				,-1.89673
				,2.44293
				,0.748577
				,-1.9883
				,2.44293
				,0.748577
				,-1.9883
				,2.31652
				,0.757643
				,-1.89673
				,2.44005
				,0.726778
				,-1.98747
				,2.44005
				,0.726778
				,-1.98747
				,2.31652
				,0.757643
				,-1.89673
				,2.42599
				,0.727991
				,-2.00436
				,2.42599
				,0.727991
				,-2.00436
				,2.31652
				,0.757643
				,-1.89673
				,2.42887
				,0.74979
				,-2.00519
				,2.84081
				,-0.482405
				,-1.34593
				,2.80113
				,-0.530029
				,-1.34265
				,2.83394
				,-0.513456
				,-1.29262
				,2.80113
				,-0.530029
				,-1.34265
				,2.84679
				,-0.56664
				,-1.32194
				,2.83394
				,-0.513456
				,-1.29262
				,2.84679
				,-0.56664
				,-1.32194
				,2.88647
				,-0.519017
				,-1.32522
				,2.83394
				,-0.513456
				,-1.29262
				,2.88647
				,-0.519017
				,-1.32522
				,2.84081
				,-0.482405
				,-1.34593
				,2.83394
				,-0.513456
				,-1.29262
				,2.84081
				,-0.482405
				,-1.34593
				,2.85366
				,-0.53559
				,-1.37525
				,2.80113
				,-0.530029
				,-1.34265
				,2.80113
				,-0.530029
				,-1.34265
				,2.85366
				,-0.53559
				,-1.37525
				,2.84679
				,-0.56664
				,-1.32194
				,2.84679
				,-0.56664
				,-1.32194
				,2.85366
				,-0.53559
				,-1.37525
				,2.88647
				,-0.519017
				,-1.32522
				,2.88647
				,-0.519017
				,-1.32522
				,2.85366
				,-0.53559
				,-1.37525
				,2.84081
				,-0.482405
				,-1.34593
				,-2.93488
				,0.922146
				,1.18644
				,-2.92014
				,0.888056
				,1.20019
				,-2.93827
				,0.88902
				,1.16499
				,-2.92014
				,0.888056
				,1.20019
				,-2.95556
				,0.870922
				,1.19569
				,-2.93827
				,0.88902
				,1.16499
				,-2.95556
				,0.870922
				,1.19569
				,-2.9703
				,0.905012
				,1.18193
				,-2.93827
				,0.88902
				,1.16499
				,-2.9703
				,0.905012
				,1.18193
				,-2.93488
				,0.922146
				,1.18644
				,-2.93827
				,0.88902
				,1.16499
				,-2.93488
				,0.922146
				,1.18644
				,-2.95217
				,0.904049
				,1.21713
				,-2.92014
				,0.888056
				,1.20019
				,-2.92014
				,0.888056
				,1.20019
				,-2.95217
				,0.904049
				,1.21713
				,-2.95556
				,0.870922
				,1.19569
				,-2.95556
				,0.870922
				,1.19569
				,-2.95217
				,0.904049
				,1.21713
				,-2.9703
				,0.905012
				,1.18193
				,-2.9703
				,0.905012
				,1.18193
				,-2.95217
				,0.904049
				,1.21713
				,-2.93488
				,0.922146
				,1.18644
				,3.07006
				,1.20153
				,1.05528
				,1.90424
				,0.549491
				,1.20911
				,3.11005
				,1.14406
				,1.23106
				,3.11005
				,1.14406
				,1.23106
				,1.90424
				,0.549491
				,1.20911
				,3.17692
				,0.980875
				,1.1625
				,3.17692
				,0.980875
				,1.1625
				,1.90424
				,0.549491
				,1.20911
				,3.13693
				,1.03835
				,0.986716
				,3.13693
				,1.03835
				,0.986716
				,1.90424
				,0.549491
				,1.20911
				,3.07006
				,1.20153
				,1.05528
				,-0.59675
				,3.71815
				,2.44833
				,-0.255515
				,2.73572
				,2.07606
				,-0.546833
				,3.67043
				,2.58759
				,-0.546833
				,3.67043
				,2.58759
				,-0.255515
				,2.73572
				,2.07606
				,-0.40375
				,3.72073
				,2.55354
				,-0.40375
				,3.72073
				,2.55354
				,-0.255515
				,2.73572
				,2.07606
				,-0.453667
				,3.76846
				,2.41429
				,-0.453667
				,3.76846
				,2.41429
				,-0.255515
				,2.73572
				,2.07606
				,-0.59675
				,3.71815
				,2.44833
				,-1.65001
				,4.32808
				,2.68116
				,-1.65246
				,4.33995
				,2.68864
				,-1.65141
				,4.32723
				,2.68231
				,-1.65141
				,4.32723
				,2.68231
				,-1.65246
				,4.33995
				,2.68864
				,-1.65284
				,4.32789
				,2.68107
				,-1.65284
				,4.32789
				,2.68107
				,-1.65246
				,4.33995
				,2.68864
				,-1.65144
				,4.32874
				,2.67991
				,-1.65144
				,4.32874
				,2.67991
				,-1.65246
				,4.33995
				,2.68864
				,-1.65001
				,4.32808
				,2.68116
				,-1.69511
				,4.30453
				,2.66682
				,-1.37673
				,3.95934
				,2.44669
				,-1.65098
				,4.30053
				,2.72481
				,-1.65098
				,4.30053
				,2.72481
				,-1.37673
				,3.95934
				,2.44669
				,-1.60774
				,4.35145
				,2.69541
				,-1.60774
				,4.35145
				,2.69541
				,-1.37673
				,3.95934
				,2.44669
				,-1.65187
				,4.35544
				,2.63742
				,-1.65187
				,4.35544
				,2.63742
				,-1.37673
				,3.95934
				,2.44669
				,-1.69511
				,4.30453
				,2.66682
				,-4.11272
				,-0.210895
				,3.3969
				,-3.73068
				,-0.120047
				,3.23564
				,-4.0834
				,-0.226305
				,3.44661
				,-4.0834
				,-0.226305
				,3.44661
				,-3.73068
				,-0.120047
				,3.23564
				,-4.08453
				,-0.169448
				,3.4649
				,-4.08453
				,-0.169448
				,3.4649
				,-3.73068
				,-0.120047
				,3.23564
				,-4.11385
				,-0.154038
				,3.41519
				,-4.11385
				,-0.154038
				,3.41519
				,-3.73068
				,-0.120047
				,3.23564
				,-4.11272
				,-0.210895
				,3.3969
				,-3.08485
				,3.74034
				,2.8427
				,-3.02284
				,3.75275
				,2.75574
				,-3.03097
				,3.83218
				,2.82776
				,-3.02284
				,3.75275
				,2.75574
				,-3.07599
				,3.84281
				,2.7307
				,-3.03097
				,3.83218
				,2.82776
				,-3.07599
				,3.84281
				,2.7307
				,-3.13801
				,3.83039
				,2.81766
				,-3.03097
				,3.83218
				,2.82776
				,-3.13801
				,3.83039
				,2.81766
				,-3.08485
				,3.74034
				,2.8427
				,-3.03097
				,3.83218
				,2.82776
				,-3.08485
				,3.74034
				,2.8427
				,-3.12988
				,3.75097
				,2.74563
				,-3.02284
				,3.75275
				,2.75574
				,-3.02284
				,3.75275
				,2.75574
				,-3.12988
				,3.75097
				,2.74563
				,-3.07599
				,3.84281
				,2.7307
				,-3.07599
				,3.84281
				,2.7307
				,-3.12988
				,3.75097
				,2.74563
				,-3.13801
				,3.83039
				,2.81766
				,-3.13801
				,3.83039
				,2.81766
				,-3.12988
				,3.75097
				,2.74563
				,-3.08485
				,3.74034
				,2.8427
				,-1.85586
				,1.74647
				,4.86046
				,-1.69527
				,1.70745
				,4.67203
				,-1.83346
				,1.72763
				,4.88015
				,-1.83346
				,1.72763
				,4.88015
				,-1.69527
				,1.70745
				,4.67203
				,-1.81475
				,1.75679
				,4.88676
				,-1.81475
				,1.75679
				,4.88676
				,-1.69527
				,1.70745
				,4.67203
				,-1.83714
				,1.77563
				,4.86707
				,-1.83714
				,1.77563
				,4.86707
				,-1.69527
				,1.70745
				,4.67203
				,-1.85586
				,1.74647
				,4.86046
				,-3.48979
				,-3.12837
				,2.56008
				,-3.44959
				,-3.08666
				,2.58606
				,-3.46097
				,-3.14202
				,2.61497
				,-3.44959
				,-3.08666
				,2.58606
				,-3.48304
				,-3.08801
				,2.64
				,-3.46097
				,-3.14202
				,2.61497
				,-3.48304
				,-3.08801
				,2.64
				,-3.52324
				,-3.12972
				,2.61402
				,-3.46097
				,-3.14202
				,2.61497
				,-3.52324
				,-3.12972
				,2.61402
				,-3.48979
				,-3.12837
				,2.56008
				,-3.46097
				,-3.14202
				,2.61497
				,-3.48979
				,-3.12837
				,2.56008
				,-3.51186
				,-3.07436
				,2.5851
				,-3.44959
				,-3.08666
				,2.58606
				,-3.44959
				,-3.08666
				,2.58606
				,-3.51186
				,-3.07436
				,2.5851
				,-3.48304
				,-3.08801
				,2.64
				,-3.48304
				,-3.08801
				,2.64
				,-3.51186
				,-3.07436
				,2.5851
				,-3.52324
				,-3.12972
				,2.61402
				,-3.52324
				,-3.12972
				,2.61402
				,-3.51186
				,-3.07436
				,2.5851
				,-3.48979
				,-3.12837
				,2.56008
				,-2.92941
				,0.354126
				,0.664448
				,-1.62306
				,0.232917
				,0.592029
				,-2.93558
				,0.22628
				,0.531013
				,-2.93558
				,0.22628
				,0.531013
				,-1.62306
				,0.232917
				,0.592029
				,-2.92782
				,0.0927091
				,0.658631
				,-2.92782
				,0.0927091
				,0.658631
				,-1.62306
				,0.232917
				,0.592029
				,-2.92164
				,0.220556
				,0.792066
				,-2.92164
				,0.220556
				,0.792066
				,-1.62306
				,0.232917
				,0.592029
				,-2.92941
				,0.354126
				,0.664448
				,-2.79241
				,1.41483
				,1.16088
				,-1.40768
				,1.39967
				,0.838051
				,-2.81381
				,1.28135
				,1.01336
				,-2.81381
				,1.28135
				,1.01336
				,-1.40768
				,1.39967
				,0.838051
				,-2.77119
				,1.13335
				,1.1411
				,-2.77119
				,1.13335
				,1.1411
				,-1.40768
				,1.39967
				,0.838051
				,-2.7498
				,1.26683
				,1.28862
				,-2.7498
				,1.26683
				,1.28862
				,-1.40768
				,1.39967
				,0.838051
				,-2.79241
				,1.41483
				,1.16088
				,-0.245759
				,4.49815
				,1.11828
				,-0.0510536
				,4.1455
				,1.03292
				,-0.281636
				,4.48405
				,1.07502
				,-0.281636
				,4.48405
				,1.07502
				,-0.0510536
				,4.1455
				,1.03292
				,-0.313649
				,4.45272
				,1.11178
				,-0.313649
				,4.45272
				,1.11178
				,-0.0510536
				,4.1455
				,1.03292
				,-0.277772
				,4.46681
				,1.15504
				,-0.277772
				,4.46681
				,1.15504
				,-0.0510536
				,4.1455
				,1.03292
				,-0.245759
				,4.49815
				,1.11828
				,1.98755
				,4.44887
				,1.11687
				,1.98467
				,4.11218
				,1.0452
				,1.95555
				,4.45334
				,1.08078
				,1.95555
				,4.45334
				,1.08078
				,1.98467
				,4.11218
				,1.0452
				,1.91945
				,4.44361
				,1.11158
				,1.91945
				,4.44361
				,1.11158
				,1.98467
				,4.11218
				,1.0452
				,1.95145
				,4.43914
				,1.14767
				,1.95145
				,4.43914
				,1.14767
				,1.98467
				,4.11218
				,1.0452
				,1.98755
				,4.44887
				,1.11687
				,2.56511
				,4.49428
				,1.00376
				,2.55717
				,4.42221
				,1.05219
				,2.49868
				,4.48644
				,1.05969
				,2.55717
				,4.42221
				,1.05219
				,2.55501
				,4.47098
				,1.12443
				,2.49868
				,4.48644
				,1.05969
				,2.55501
				,4.47098
				,1.12443
				,2.56295
				,4.54306
				,1.076
				,2.49868
				,4.48644
				,1.05969
				,2.56295
				,4.54306
				,1.076
				,2.56511
				,4.49428
				,1.00376
				,2.49868
				,4.48644
