{
	 "rootnode": {
		 "name": "Scene"
		,"transformation": [
			 1
			,0
			,0
			,0
			,0
			,0
			,1
			,0
			,0
			,-1
			,0
			,0
			,0
			,0
			,0
			,1
		]
		,"children": [
			{
				 "name": "bob_RIG"
				,"transformation": [
					 1
					,0
					,0
					,-2.32831e-010
					,0
					,1
					,0
					,0
					,0
					,0
					,1
					,0
					,0
					,0
					,0
					,1
				]
				,"children": [
					{
						 "name": "origin"
						,"transformation": [
							 -1.6175e-008
							,5.79748e-008
							,1
							,1.34593e-010
							,0.000685185
							,-1
							,5.79166e-008
							,0.00164303
							,1
							,0.000685185
							,1.61353e-008
							,-0.000604391
							,0
							,0
							,0
							,1
						]
						,"children": [
							{
								 "name": "sheath"
								,"transformation": [
									 -0.555462
									,-0.819352
									,0.141862
									,3.17063
									,0.827731
									,-0.561125
									,9.73716e-005
									,0.321529
									,0.0795226
									,0.117478
									,0.989886
									,1.10048
									,0
									,0
									,0
									,1
								]
								,"children": [
									{
										 "name": "sword"
										,"transformation": [
											 0.999993
											,-0.00335726
											,-0.00163335
											,0.000386477
											,0.00335324
											,0.999991
											,-0.0024097
											,-1.10268
											,0.0016413
											,0.00240404
											,0.999996
											,0.0100901
											,0
											,0
											,0
											,1
										]
									}
								]
							}
							,{
								 "name": "pubis"
								,"transformation": [
									 -0.12722
									,0.991875
									,-6.35913e-008
									,2.6152
									,-0.991875
									,-0.12722
									,6.24786e-008
									,-0.203009
									,5.38809e-008
									,7.10231e-008
									,1
									,0.00140773
									,0
									,0
									,0
									,1
								]
								,"children": [
									{
										 "name": "pelvis"
										,"transformation": [
											 0.962452
											,-0.271454
											,0.000145284
											,-1.49012e-008
											,0.271454
											,0.962451
											,-0.0011264
											,0.413058
											,0.000165936
											,0.00112354
											,0.999999
											,-1.16415e-010
											,0
											,0
											,0
											,1
										]
										,"children": [
											{
												 "name": "spine"
												,"transformation": [
													 0.989264
													,0.146137
													,0.000165914
													,-5.96046e-008
													,-0.146137
													,0.989264
													,0.00112341
													,0.797754
													,3.83324e-008
													,-0.0011356
													,1
													,4.65661e-010
													,0
													,0
													,0
													,1
												]
												,"children": [
													{
														 "name": "neck"
														,"transformation": [
															 0.752652
															,-0.658418
															,7.55583e-007
															,-7.45058e-008
															,0.658418
															,0.752652
															,-1.44543e-006
															,1.34876
															,3.83006e-007
															,1.58539e-006
															,1
															,-2.32831e-010
															,0
															,0
															,0
															,1
														]
														,"children": [
															{
																 "name": "head"
																,"transformation": [
																	 0.674364
																	,-0.738399
																	,-1.26633e-005
																	,-2.38419e-007
																	,0.738399
																	,0.674364
																	,-1.44404e-005
																	,0.494396
																	,1.92024e-005
																	,3.87493e-007
																	,1
																	,0
																	,0
																	,0
																	,0
																	,1
																]
															}
														]
													}
													,{
														 "name": "upperarm.L"
														,"transformation": [
															 0.999635
															,-0.0270175
															,-9.62819e-006
															,0.302276
															,9.72104e-006
															,3.41341e-006
															,1
															,1.04642
															,-0.0270175
															,-0.999635
															,3.67482e-006
															,-0.802278
															,0
															,0
															,0
															,1
														]
														,"children": [
															{
																 "name": "forearm.L"
																,"transformation": [
																	 0.996212
																	,-0.0869556
																	,5.51326e-007
																	,2.98023e-008
																	,0.0869557
																	,0.996212
																	,3.08418e-007
																	,1.29109
																	,-5.78495e-007
																	,-2.65841e-007
																	,1
																	,-4.76837e-007
																	,0
																	,0
																	,0
																	,1
																]
																,"children": [
																	{
																		 "name": "wrist.L"
																		,"transformation": [
																			 0.992421
																			,0.122844
																			,0.00311264
																			,-0.00312543
																			,-0.122883
																			,0.992049
																			,0.0271694
																			,1.11936
																			,0.000249677
																			,-0.0273459
																			,0.999626
																			,0.0010376
																			,0
																			,0
																			,0
																			,1
																		]
																		,"children": [
																			{
																				 "name": "thumb.L"
																				,"transformation": [
																					 0.767313
																					,-0.641263
																					,-0.00335174
																					,0.00545955
																					,0.597208
																					,0.712675
																					,0.368018
																					,0.00184536
																					,-0.233608
																					,-0.284387
																					,0.929813
																					,-0.00151348
																					,0
																					,0
																					,0
																					,1
																				]
																				,"children": [
																					{
																						 "name": "thm_end.L"
																						,"transformation": [
																							 0.928806
																							,0.370566
																							,4.02331e-007
																							,-2.38419e-007
																							,-0.370566
																							,0.928806
																							,-1.66893e-006
																							,0.396853
																							,-1.01328e-006
																							,1.75834e-006
																							,1
																							,0
																							,0
																							,0
																							,0
																							,1
																						]
																					}
																				]
																			}
																			,{
																				 "name": "fingers.L"
																				,"transformation": [
																					 0.999475
																					,-0.028897
																					,-0.0146522
																					,0
																					,0.031301
																					,0.977967
																					,0.206401
																					,0.534864
																					,0.00836497
																					,-0.206752
																					,0.978358
																					,0
																					,0
																					,0
																					,0
																					,1
																				]
																				,"children": [
																					{
																						 "name": "fingerstip.L"
																						,"transformation": [
																							 0.999718
																							,0.0224131
																							,0.00775505
																							,-2.98023e-008
																							,-0.0199847
																							,0.972169
																							,-0.233425
																							,0.243855
																							,-0.012771
																							,0.233204
																							,0.972344
																							,-4.76837e-007
																							,0
																							,0
																							,0
																							,1
																						]
																					}
																					,{
																						 "name": "lamp"
																						,"transformation": [
																							 -0.999719
																							,-0.00775484
																							,-0.0224108
																							,-0.898745
																							,0.0199825
																							,0.233424
																							,-0.97217
																							,0.299055
																							,0.0127702
																							,-0.972344
																							,-0.233204
																							,-0.139824
																							,0
																							,0
																							,0
																							,1
																						]
																					}
																				]
																			}
																		]
																	}
																]
															}
														]
													}
													,{
														 "name": "upperarm.R"
														,"transformation": [
															 0.999396
															,-0.0347618
															,9.49256e-006
															,0.313903
															,9.61572e-006
															,3.53274e-006
															,-1
															,1.04641
															,0.0347618
															,0.999396
															,3.86499e-006
															,0.79065
															,0
															,0
															,0
															,1
														]
														,"children": [
															{
																 "name": "forearm.R"
																,"transformation": [
																	 0.99656
																	,-0.0828691
																	,7.97007e-007
																	,-5.96046e-008
																	,0.0828691
																	,0.99656
																	,-3.28537e-007
																	,1.33793
																	,-7.64892e-007
																	,3.958e-007
																	,1
																	,0
																	,0
																	,0
																	,0
																	,1
																]
																,"children": [
																	{
																		 "name": "wrist.R"
																		,"transformation": [
																			 0.993078
																			,0.117303
																			,-0.00608714
																			,0.00282216
																			,-0.117461
																			,0.991743
																			,-0.051459
																			,1.09914
																			,6.00883e-007
																			,0.0518179
																			,0.998656
																			,0.00208855
																			,0
																			,0
																			,0
																			,1
																		]
																		,"children": [
																			{
																				 "name": "thumb.R"
																				,"transformation": [
																					 0.759659
																					,-0.650321
																					,-2.50679e-006
																					,5.36442e-007
																					,0.602598
																					,0.703915
																					,-0.376005
																					,-0.0125165
																					,0.244526
																					,0.285634
																					,0.926618
																					,-0.00665331
																					,0
																					,0
																					,0
																					,1
																				]
																				,"children": [
																					{
																						 "name": "thm_end.R"
																						,"transformation": [
																							 0.896179
																							,0.443692
																							,3.62098e-006
																							,-2.38419e-007
																							,-0.443692
																							,0.896179
																							,2.98023e-007
																							,0.42241
																							,-2.91318e-006
																							,-1.90735e-006
																							,1
																							,0
																							,0
																							,0
																							,0
																							,1
																						]
																					}
																				]
																			}
																			,{
																				 "name": "fingers.R"
																				,"transformation": [
																					 1
																					,-1.87716e-006
																					,1.0073e-006
																					,0
																					,1.95974e-006
																					,0.996385
																					,-0.0849534
																					,0.516058
																					,-8.46311e-007
																					,0.0849534
																					,0.996385
																					,0
																					,0
																					,0
																					,0
																					,1
																				]
																				,"children": [
																					{
																						 "name": "fingerstip.R"
																						,"transformation": [
																							 1
																							,2.33668e-006
																							,-8.32353e-007
																							,5.96046e-008
																							,-2.20241e-006
																							,0.990644
																							,0.13647
																							,0.249387
																							,1.14399e-006
																							,-0.13647
																							,0.990644
																							,-4.76837e-007
																							,0
																							,0
																							,0
																							,1
																						]
																					}
																				]
																			}
																		]
																	}
																]
															}
														]
													}
												]
											}
										]
									}
									,{
										 "name": "thigh.R"
										,"transformation": [
											 -0.999232
											,0.0391904
											,7.59537e-008
											,-0.126968
											,-0.0391904
											,-0.999232
											,1.59982e-006
											,0.395209
											,1.38592e-007
											,1.59558e-006
											,1
											,0.524121
											,0
											,0
											,0
											,1
										]
										,"children": [
											{
												 "name": "shin.R"
												,"transformation": [
													 0.982399
													,-0.186796
													,3.92788e-007
													,-4.47035e-008
													,0.186796
													,0.982399
													,1.42503e-007
													,1.30743
													,-4.10877e-007
													,-5.71e-008
													,1
													,5.96046e-008
													,0
													,0
													,0
													,1
												]
												,"children": [
													{
														 "name": "ankle.R"
														,"transformation": [
															 0.4546
															,0.890696
															,2.71668e-008
															,-0.00353809
															,-0.890696
															,0.4546
															,1.52027e-006
															,1.41489
															,1.32238e-006
															,-7.05057e-007
															,1
															,1.19209e-007
															,0
															,0
															,0
															,1
														]
														,"children": [
															{
																 "name": "toe.R"
																,"transformation": [
																	 0.868888
																	,0.495009
																	,1.39974e-006
																	,2.08616e-007
																	,-0.495009
																	,0.868888
																	,-9.84501e-007
																	,0.409731
																	,-1.70356e-006
																	,1.62536e-007
																	,1
																	,0
																	,0
																	,0
																	,0
																	,1
																]
																,"children": [
																	{
																		 "name": "tiptoe.R"
																		,"transformation": [
																			 0.998599
																			,0.052926
																			,-1.66231e-006
																			,0
																			,-0.052926
																			,0.998599
																			,9.88177e-009
																			,0.34253
																			,1.6605e-006
																			,7.81114e-008
																			,1
																			,-5.96046e-008
																			,0
																			,0
																			,0
																			,1
																		]
																	}
																]
															}
														]
													}
												]
											}
										]
									}
									,{
										 "name": "thigh.L"
										,"transformation": [
											 -0.999232
											,0.0391902
											,7.567e-008
											,-0.126967
											,-0.0391902
											,-0.999232
											,1.59981e-006
											,0.39521
											,1.38301e-007
											,1.59558e-006
											,1
											,-0.522328
											,0
											,0
											,0
											,1
										]
										,"children": [
											{
												 "name": "shin.L"
												,"transformation": [
													 0.982397
													,-0.186803
													,3.95594e-007
													,2.98023e-008
													,0.186803
													,0.982397
													,1.28135e-007
													,1.30744
													,-4.12162e-007
													,-4.23145e-008
													,1
													,0
													,0
													,0
													,0
													,1
												]
												,"children": [
													{
														 "name": "ankle.L"
														,"transformation": [
															 0.454612
															,0.89069
															,1.861e-008
															,-0.00353801
															,-0.89069
															,0.454612
															,1.51476e-006
															,1.41489
															,1.3071e-006
															,-6.90157e-007
															,1
															,0.00125301
															,0
															,0
															,0
															,1
														]
														,"children": [
															{
																 "name": "toe.L"
																,"transformation": [
																	 0.868895
																	,0.494997
																	,1.32706e-006
																	,-1.49012e-008
																	,-0.494996
																	,0.868895
																	,-1.06228e-006
																	,0.409729
																	,-1.6789e-006
																	,2.66117e-007
																	,1
																	,0
																	,0
																	,0
																	,0
																	,1
																]
																,"children": [
																	{
																		 "name": "tiptoe.L"
																		,"transformation": [
																			 0.998597
																			,0.0529457
																			,-1.66249e-006
																			,0
																			,-0.0529457
																			,0.998597
																			,3.99584e-008
																			,0.342531
																			,1.66227e-006
																			,4.81193e-008
																			,1
																			,0
																			,0
																			,0
																			,0
																			,1
																		]
																	}
																]
															}
														]
													}
												]
											}
										]
									}
								]
							}
						]
					}
				]
			}
			,{
				 "name": "bobSword_MESH"
				,"transformation": [
					 1
					,0
					,0
					,0
					,0
					,1
					,0
					,0
					,0
					,0
					,1
					,0
					,0
					,0
					,0
					,1
				]
				,"meshes": [
					 0
				]
			}
			,{
				 "name": "lanternTop_MESH"
				,"transformation": [
					 1
					,0
					,0
					,0
					,0
					,1
					,0
					,0
					,0
					,0
					,1
					,0
					,0
					,0
					,0
					,1
				]
				,"meshes": [
					 1
				]
			}
			,{
				 "name": "lantern_MESH"
				,"transformation": [
					 1
					,0
					,0
					,0
					,0
					,1
					,0
					,0
					,0
					,0
					,1
					,0
					,0
					,0
					,0
					,1
				]
				,"meshes": [
					 2
				]
			}
			,{
				 "name": "bobHelmet_MESH"
				,"transformation": [
					 1
					,0
					,0
					,0
					,0
					,1
					,0
					,0
					,0
					,0
					,1
					,0
					,0
					,0
					,0
					,1
				]
				,"meshes": [
					 3
				]
			}
			,{
				 "name": "bobHead_MESH"
				,"transformation": [
					 1
					,0
					,0
					,0
					,0
					,1
					,0
					,0
					,0
					,0
					,1
					,0
					,0
					,0
					,0
					,1
				]
				,"meshes": [
					 4
				]
			}
			,{
				 "name": "bobBody_MESH"
				,"transformation": [
					 1
					,0
					,0
					,0
					,0
					,1
					,0
					,0
					,0
					,0
					,1
					,0
					,0
					,0
					,0
					,1
				]
				,"meshes": [
					 5
				]
			}
		]
	}
	,"flags": 8
	,"meshes": [
		{
			 "name": "Sword"
			,"materialindex": 0
			,"primitivetypes": 4
			,"vertices": [
				 1.15
				,-0.0735484
				,3.41701
				,1.16
				,-0.339048
				,3.20701
				,1.14
				,-0.0360483
				,3.36701
				,1.07
				,-0.642048
				,3.01701
				,1.06
				,-0.333048
				,3.19701
				,1.08
				,-0.606048
				,2.96701
				,1.11
				,-0.681048
				,2.99701
				,1.15
				,-0.611048
				,2.97701
				,1.15
				,-0.649048
				,3.02701
				,1.08
				,-0.0330484
				,3.35701
				,1.1
				,-0.0360483
				,3.43701
				,1.11
				,-0.00804842
				,3.37701
				,1.15
				,-0.0954482
				,2.75701
				,1.07
				,-0.229848
				,3.26701
				,1.15
				,-0.0200483
				,2.80701
				,1.1
				,-0.324048
				,3.32701
				,1.18
				,-0.397048
				,3.28701
				,1.15
				,-0.0735484
				,3.41701
				,1.1
				,-0.0360483
				,3.43701
				,1.16
				,-0.339048
				,3.20701
				,1.11
				,-0.295048
				,3.22701
				,1.11
				,-0.00804842
				,3.37701
				,1.14
				,-0.0360483
				,3.36701
				,1.06
				,-0.333048
				,3.19701
				,1.11
				,-0.378048
				,3.16701
				,1.08
				,-0.0330484
				,3.35701
				,1.06
				,-0.0688484
				,3.40701
				,1.02
				,-0.388048
				,3.27701
				,1.12
				,-0.636048
				,2.94701
				,1.08
				,-0.606048
				,2.96701
				,1.1
				,-0.461048
				,3.23701
				,1.07
				,-0.642048
				,3.01701
				,1.11
				,-0.681048
				,2.99701
				,1.06
				,-0.0688484
				,3.40701
				,1.15
				,-0.611048
				,2.97701
				,1.11
				,-0.681048
				,2.99701
				,1.12
				,-0.636048
				,2.94701
				,1.15
				,-0.649048
				,3.02701
				,1.18
				,-0.0170482
				,2.72701
				,1.17
				,0.0189517
				,2.78701
				,0.997002
				,-0.913049
				,3.96701
				,0.945002
				,-0.761048
				,3.82701
				,1.02
				,-0.828049
				,3.78701
				,1.11
				,-0.220448
				,3.28701
				,1.14
				,-0.0907483
				,3.05701
				,1.14
				,-0.234448
				,3.27701
				,1.17
				,0.0189517
				,2.78701
				,1.14
				,-0.0907483
				,3.05701
				,1.15
				,-0.450048
				,3.12701
				,1.11
				,-0.458048
				,3.11701
				,1.14
				,-0.302048
				,2.90701
				,1.08
				,-0.445048
				,3.12701
				,1.17
				,-0.0922483
				,2.70701
				,1.14
				,-0.302048
				,2.90701
				,1.14
				,-0.0907483
				,3.05701
				,1.11
				,-0.220448
				,3.28701
				,1.14
				,-0.234448
				,3.27701
				,1.19
				,-0.0220483
				,2.80701
				,1.14
				,-0.0907483
				,3.05701
				,1.07
				,-0.229848
				,3.26701
				,1.14
				,-0.302048
				,2.90701
				,1.11
				,-0.458048
				,3.11701
				,1.08
				,-0.445048
				,3.12701
				,1.14
				,-0.302048
				,2.90701
				,1.17
				,-0.0922483
				,2.70701
				,1.15
				,-0.450048
				,3.12701
				,1.19
				,-0.0969483
				,2.75701
				,1.18
				,-0.0170482
				,2.72701
				,1.18
				,-0.0170482
				,2.72701
				,0.986002
				,-1.07205
				,3.96701
				,0.964002
				,-1.02405
				,4.21701
				,0.809002
				,-0.914049
				,4.05701
				,0.986002
				,-1.07205
				,3.96701
				,1.01
				,-0.827048
				,3.92701
				,0.986002
				,-1.07205
				,3.96701
				,1.01
				,-0.827048
				,3.92701
				,1.16
				,-0.936049
				,4.08701
				,0.986002
				,-1.07205
				,3.96701
				,0.964002
				,-1.02405
				,4.21701
				,0.984002
				,-0.778049
				,4.16701
				,0.964002
				,-1.02405
				,4.21701
				,0.984002
				,-0.778049
				,4.16701
				,1.01
				,-0.827048
				,3.92701
				,0.984002
				,-0.778049
				,4.16701
				,1.01
				,-0.827048
				,3.92701
				,0.984002
				,-0.778049
				,4.16701
				,0.964002
				,-1.02405
				,4.21701
				,1.1
				,-0.324048
				,3.32701
				,1.09
				,-0.770048
				,3.83701
				,1.18
				,-0.397048
				,3.28701
				,1.42
				,1.27395
				,0.774011
				,1.44
				,1.31395
				,0.809012
				,1.44
				,1.26395
				,0.777012
				,1.02
				,-0.388048
				,3.27701
				,1.02
				,-0.705049
				,3.87701
				,1.1
				,-0.324048
				,3.32701
				,0.997002
				,-0.913049
				,3.96701
				,1.04
				,-0.877049
				,3.99701
				,1.1
				,-0.461048
				,3.23701
				,0.995002
				,-0.836049
				,4.01701
				,1.1
				,-0.461048
				,3.23701
				,1.02
				,-0.705049
				,3.87701
				,0.995002
				,-0.836049
				,4.01701
				,1.42
				,1.27395
				,0.774011
				,1.41
				,1.17395
				,0.815011
				,1.4
				,1.31395
				,0.905011
				,1.42
				,1.31395
				,0.807011
				,1.42
				,1.27395
				,0.774011
				,1.44
				,1.26395
				,0.777012
				,1.41
				,1.17395
				,0.815011
				,1.42
				,1.27395
				,0.774011
				,1.44
				,1.31395
				,0.809012
				,1.44
				,1.17395
				,0.820011
				,1.44
				,1.26395
				,0.777012
				,1.18
				,-0.179848
				,3.26701
				,1.4
				,1.31395
				,0.905011
				,1.05
				,-0.171948
				,3.25701
				,1.18
				,-0.455048
				,3.07701
				,1.41
				,1.17395
				,0.815011
				,1.44
				,1.17395
				,0.820011
				,1.4
				,1.31395
				,0.905011
				,1.05
				,-0.447048
				,3.06701
				,1.05
				,-0.171948
				,3.25701
				,1.18
				,-0.179848
				,3.26701
				,1.44
				,1.17395
				,0.820011
				,1.44
				,1.31395
				,0.909011
				,1.44
				,1.31395
				,0.909011
				,1.42
				,1.31395
				,0.807011
				,1.4
				,1.31395
				,0.905011
				,1.08
				,-0.212648
				,3.24701
				,1.05
				,-0.447048
				,3.06701
				,1.08
				,-0.429048
				,3.09701
				,1.05
				,-0.171948
				,3.25701
				,1.18
				,-0.455048
				,3.07701
				,1.18
				,-0.179848
				,3.26701
				,1.15
				,-0.214948
				,3.24701
				,1.15
				,-0.433048
				,3.10701
				,1.08
				,-0.212648
				,3.24701
				,1.15
				,-0.214948
				,3.24701
				,1.08
				,-0.429048
				,3.09701
				,1.18
				,-0.455048
				,3.07701
				,1.08
				,-0.429048
				,3.09701
				,1.1
				,-0.0360483
				,3.43701
				,1.18
				,-0.397048
				,3.28701
				,1.02
				,-0.388048
				,3.27701
				,1.12
				,-0.636048
				,2.94701
				,0.950002
				,-0.872049
				,3.98701
				,1.42
				,1.31395
				,0.807011
				,1.02
				,-0.828049
				,3.78701
				,1.44
				,1.17395
				,0.820011
				,1.44
				,1.31395
				,0.909011
				,1.44
				,1.31395
				,0.909011
				,1.05
				,-0.447048
				,3.06701
				,1.41
				,1.17395
				,0.815011
				,1.18
				,-0.455048
				,3.07701
				,1.44
				,1.31395
				,0.809012
				,1.11
				,-0.00804842
				,3.37701
			]
			,"normals": [
				 0.917261
				,0.38543
				,0.100378
				,0.982547
				,0.106422
				,-0.152567
				,0.872844
				,0.449667
				,0.189584
				,-0.913742
				,-0.200602
				,-0.35332
				,-0.930522
				,0.196298
				,-0.309187
				,-0.889213
				,-0.248458
				,-0.384147
				,0.754649
				,-0.53839
				,-0.375021
				,0.923669
				,-0.316669
				,-0.215772
				,0.935419
				,-0.270036
				,-0.228193
				,-0.870613
				,0.491965
				,0.00204474
				,-0.705506
				,0.679351
				,0.201852
				,-0.702799
				,0.682321
				,0.201275
				,-0.952481
				,0.00909477
				,-0.304462
				,-0.813671
				,0.553526
				,0.177621
				,-0.943697
				,0.307668
				,-0.12156
				,-0.0856359
				,-0.351913
				,0.932107
				,0.146065
				,-0.554197
				,0.81947
				,0.108863
				,-0.355276
				,0.928401
				,-0.130653
				,-0.35375
				,0.92617
				,0.101508
				,0.567052
				,-0.817403
				,0.11524
				,0.475031
				,-0.872391
				,0.165446
				,0.460233
				,-0.872246
				,0.147926
				,0.469415
				,-0.870498
				,0.134528
				,0.566556
				,-0.812968
				,0.120581
				,0.641298
				,-0.757758
				,0.204573
				,0.449982
				,-0.869291
				,-0.368948
				,-0.330188
				,0.868823
				,-0.323261
				,-0.527985
				,0.785324
				,0.155036
				,0.6434
				,-0.749667
				,0.105567
				,0.645215
				,-0.756673
				,-0.0981819
				,-0.73403
				,0.671983
				,-0.362386
				,-0.694893
				,0.621128
				,-0.147346
				,-0.732154
				,0.665012
				,-0.897051
				,0.43853
				,-0.0546904
				,0.201304
				,0.639558
				,-0.741919
				,-0.692031
				,-0.489167
				,-0.530857
				,-0.655395
				,-0.491539
				,-0.573452
				,0.0873763
				,-0.731788
				,0.675908
				,-0.910681
				,0.238566
				,-0.337263
				,-0.906638
				,0.373221
				,-0.196758
				,0.0115058
				,-0.900567
				,-0.434566
				,-0.998994
				,0.0337229
				,-0.0295724
				,0
				,-0.868705
				,-0.49533
				,-0.398096
				,0.820302
				,0.410639
				,-0.727485
				,0.658267
				,0.193522
				,0.834844
				,0.434528
				,0.337966
				,0.886344
				,0.458066
				,0.0676004
				,0.869819
				,0.413073
				,0.269787
				,0.809804
				,-0.509218
				,-0.2914
				,0.293108
				,-0.787064
				,-0.542787
				,0.818531
				,-0.458737
				,-0.345785
				,-0.850464
				,-0.340601
				,-0.400877
				,-0.927113
				,0.062717
				,-0.369496
				,-0.860466
				,-0.286822
				,-0.421108
				,0.869819
				,0.413073
				,0.269787
				,0.497162
				,0.726425
				,0.474486
				,0.834844
				,0.434528
				,0.337966
				,0.950519
				,0.289047
				,0.113867
				,-0.727485
				,0.658267
				,0.193522
				,-0.813671
				,0.553526
				,0.177621
				,-0.860466
				,-0.286822
				,-0.421108
				,-0.479306
				,-0.670357
				,-0.566469
				,-0.850464
				,-0.340601
				,-0.400877
				,0.818531
				,-0.458737
				,-0.345785
				,0.904193
				,-0.199199
				,-0.377828
				,0.809804
				,-0.509218
				,-0.2914
				,0.956558
				,-0.194711
				,-0.21699
				,-0.910681
				,0.238566
				,-0.337263
				,0.972965
				,0.140386
				,-0.183387
				,0.000457791
				,-0.818592
				,-0.574376
				,-0.111823
				,-0.554871
				,0.824387
				,-0.99393
				,0.067324
				,-0.0870085
				,0.000457791
				,-0.818592
				,-0.574376
				,0.129126
				,0.561643
				,-0.817241
				,0.000457791
				,-0.818592
				,-0.574376
				,0.129126
				,0.561643
				,-0.817241
				,0.992728
				,-0.0621065
				,0.103124
				,0.000457791
				,-0.818592
				,-0.574376
				,-0.111823
				,-0.554871
				,0.824387
				,-0.00344872
				,0.83508
				,0.550118
				,-0.111823
				,-0.554871
				,0.824387
				,-0.00344872
				,0.83508
				,0.550118
				,0.129126
				,0.561643
				,-0.817241
				,-0.00344872
				,0.83508
				,0.550118
				,0.129126
				,0.561643
				,-0.817241
				,-0.00344872
				,0.83508
				,0.550118
				,-0.111823
				,-0.554871
				,0.824387
				,0.0211805
				,0.818745
				,0.573766
				,0.982275
				,-0.109501
				,0.152136
				,0.990955
				,-0.07349
				,0.11228
				,-0.452511
				,0.203167
				,-0.868307
				,0.639473
				,0.699138
				,-0.319813
				,0.662592
				,-0.0392165
				,-0.747953
				,-0.993735
				,0.072422
				,-0.085118
				,0.0164497
				,0.781135
				,0.624145
				,0.0211805
				,0.818745
				,0.573766
				,0.0115058
				,-0.900567
				,-0.434566
				,0.964421
				,-0.140111
				,0.22419
				,0.0126347
				,-0.83438
				,-0.551045
				,-0.0297868
				,0.728617
				,0.684273
				,0.0126347
				,-0.83438
				,-0.551045
				,0.0164497
				,0.781135
				,0.624145
				,-0.0297868
				,0.728617
				,0.684273
				,-0.452511
				,0.203167
				,-0.868307
				,-0.563805
				,-0.47057
				,-0.678739
				,-0.662365
				,0.74016
				,0.115913
				,-0.502841
				,0.75649
				,-0.41818
				,-0.452511
				,0.203167
				,-0.868307
				,0.662592
				,-0.0392165
				,-0.747953
				,-0.563805
				,-0.47057
				,-0.678739
				,-0.452511
				,0.203167
				,-0.868307
				,0.639473
				,0.699138
				,-0.319813
				,0.714608
				,-0.481655
				,-0.507291
				,0.662592
				,-0.0392165
				,-0.747953
				,0.547758
				,0.170236
				,0.819134
				,-0.662365
				,0.74016
				,0.115913
				,-0.654095
				,0.267657
				,0.707474
				,0.56164
				,-0.822455
				,0.090153
				,-0.563805
				,-0.47057
				,-0.678739
				,0.714608
				,-0.481655
				,-0.507291
				,-0.662365
				,0.74016
				,0.115913
				,-0.663399
				,-0.748242
				,0.00598174
				,-0.654095
				,0.267657
				,0.707474
				,0.547758
				,0.170236
				,0.819134
				,0.714608
				,-0.481655
				,-0.507291
				,0.65406
				,0.713878
				,0.250167
				,0.65406
				,0.713878
				,0.250167
				,-0.502841
				,0.75649
				,-0.41818
				,-0.662365
				,0.74016
				,0.115913
				,-0.276534
				,-0.436913
				,0.855942
				,-0.663399
				,-0.748242
				,0.00598174
				,-0.272782
				,-0.686624
				,0.673897
				,-0.654095
				,0.267657
				,0.707474
				,0.56164
				,-0.822455
				,0.090153
				,0.547758
				,0.170236
				,0.819134
				,0.061466
				,-0.528168
				,0.846912
				,0.165992
				,-0.708708
				,0.685697
				,-0.276534
				,-0.436913
				,0.855942
				,0.061466
				,-0.528168
				,0.846912
				,-0.272782
				,-0.686624
				,0.673897
				,0.56164
				,-0.822455
				,0.090153
				,-0.272782
				,-0.686624
				,0.673897
				,0.665933
				,0.64167
				,0.380516
				,0.98011
				,0.111332
				,-0.164283
				,-0.924506
				,0.20411
				,-0.321912
				,0.776563
				,-0.537597
				,-0.32854
				,-0.999157
				,-0.0409563
				,0.00277716
				,-0.502841
				,0.75649
				,-0.41818
				,0
				,-0.868705
				,-0.49533
				,0.714608
				,-0.481655
				,-0.507291
				,0.65406
				,0.713878
				,0.250167
				,0.65406
				,0.713878
				,0.250167
				,-0.663399
				,-0.748242
				,0.00598174
				,-0.563805
				,-0.47057
				,-0.678739
				,0.56164
				,-0.822455
				,0.090153
				,0.639473
				,0.699138
				,-0.319813
				,0.693578
				,0.601563
				,0.396322
			]
			,"tangents": [
				 -0.388957
				,0.812632
				,0.433984
				,-0.00747785
				,0.842113
				,0.539249
				,-0.487297
				,0.782299
				,0.388009
				,0.376664
				,-0.744253
				,-0.551553
				,0.0190472
				,-0.817146
				,-0.576116
				,0.432304
				,-0.731112
				,-0.527816
				,0.649553
				,0.532311
				,0.542887
				,0.379138
				,0.67354
				,0.634506
				,0.353395
				,0.695608
				,0.625493
				,-0.427049
				,-0.753656
				,-0.499632
				,-0.677941
				,-0.563923
				,-0.471579
				,-0.683756
				,-0.56981
				,-0.455844
				,0.192264
				,-0.757317
				,-0.624103
				,-0.557912
				,-0.657711
				,-0.506113
				,-0.221456
				,-0.860518
				,-0.458765
				,0.99626
				,-0.0410178
				,0.0760438
				,0.988663
				,0.110909
				,-0.101216
				,0.994008
				,0.0481652
				,-0.098124
				,0.991402
				,-0.053423
				,0.11945
				,0.990828
				,0.0160449
				,0.134175
				,0.992641
				,-0.0221816
				,0.119047
				,0.985191
				,-0.0367585
				,0.167474
				,0.986654
				,-0.130618
				,0.0972295
				,0.989392
				,-0.122186
				,0.0785713
				,0.989799
				,-0.0193234
				,0.141152
				,0.968764
				,0.0340946
				,0.245631
				,0.928905
				,-0.162989
				,0.332519
				,0.945007
				,-0.22365
				,0.238628
				,0.984511
				,-0.163505
				,0.063276
				,0.977347
				,-0.207684
				,-0.0407372
				,0.995168
				,-0.0722169
				,0.0665169
				,0.931283
				,-0.296612
				,0.211502
				,0.988512
				,-0.0861172
				,0.124212
				,-0.35405
				,-0.78721
				,-0.504925
				,0.942121
				,0.0809032
				,0.325366
				,0.708624
				,-0.600568
				,-0.370366
				,0.742774
				,-0.557092
				,-0.371397
				,0.994662
				,0.101479
				,-0.0187141
				,-0.116334
				,-0.931459
				,-0.344748
				,-0.358275
				,-0.927334
				,-0.108125
				,0.99766
				,-0.0189552
				,0.0656961
				,-0.0107616
				,-0.820277
				,-0.571865
				,0.999072
				,-0.0213344
				,0.0374162
				,-0.875299
				,-0.205699
				,-0.437653
				,-0.62942
				,-0.527992
				,-0.570135
				,-0.256731
				,0.850417
				,-0.459217
				,-0.448058
				,0.885322
				,-0.124292
				,-0.26055
				,0.848945
				,-0.459788
				,0.57765
				,0.605119
				,0.547861
				,0.95238
				,0.190465
				,0.238108
				,0.57185
				,0.593328
				,0.566524
				,0.452704
				,-0.0857909
				,-0.887524
				,0.348493
				,-0.21847
				,-0.911495
				,0.404836
				,0.116958
				,-0.906879
				,-0.493228
				,0.714884
				,0.495649
				,-0.867472
				,0.404833
				,0.289141
				,-0.547911
				,0.715217
				,0.433887
				,-0.309779
				,0.854157
				,0.417675
				,-0.58826
				,-0.743571
				,0.317887
				,-0.491779
				,-0.818346
				,0.297427
				,0.501602
				,-0.621905
				,-0.601356
				,0.877436
				,-0.380206
				,-0.29249
				,0.516851
				,-0.682821
				,-0.516353
				,0.352582
				,-0.0740416
				,0.932847
				,0.416514
				,0.215282
				,0.883272
				,0.310862
				,-0.0488196
				,0.949201
				,0.291514
				,0.649201
				,0.702537
				,0.161913
				,-0.54496
				,-0.82268
				,-0.0114924
				,0.822493
				,0.56866
				,0.999769
				,-0.0119728
				,0.0178603
				,0.694945
				,-0.636655
				,-0.334249
				,0.000198636
				,-0.789788
				,-0.613379
				,0.996935
				,-0.0445642
				,0.0643068
				,0.693929
				,-0.639905
				,-0.330128
				,0.999769
				,-0.0119728
				,0.0178603
				,0.610702
				,0.604264
				,0.511769
				,0.004234
				,0.874125
				,0.485682
				,0.996935
				,-0.0445642
				,0.0643068
				,0.720187
				,0.526361
				,0.451967
				,-0.988107
				,0.0817241
				,-0.130252
				,-0.733145
				,-0.513949
				,-0.445371
				,-0.964626
				,0.142234
				,-0.221959
				,-0.61853
				,-0.598549
				,-0.509078
				,-0.988107
				,0.0817241
				,-0.130252
				,-0.705233
				,0.631386
				,0.322487
				,-0.964626
				,0.142234
				,-0.221959
				,-0.705839
				,0.628303
				,0.32715
				,-0.996169
				,0.0659856
				,-0.0573858
				,0.00224175
				,0.818431
				,0.5746
				,-0.00240221
				,0.82686
				,0.562403
				,-0.838916
				,0.233216
				,0.491762
				,-0.768802
				,0.583785
				,-0.261034
				,-0.639296
				,0.490676
				,-0.592063
				,-0.00967385
				,-0.814505
				,-0.580075
				,-0.996628
				,0.0629969
				,-0.0525757
				,-0.996169
				,0.0659856
				,-0.0573858
				,0.99766
				,-0.0189552
				,0.0656961
				,-0.0109938
				,0.826023
				,0.563529
				,0.997649
				,-0.0266064
				,0.0631616
				,-0.998447
				,0.0105504
				,-0.054697
				,0.997649
				,-0.0266064
				,0.0631616
				,-0.996628
				,0.0629969
				,-0.0525757
				,-0.998447
				,0.0105504
